97.00 6.00 -6.00 19.00 12.00 -60.00 -2.00 61.00 -30.00 -38.00 10.00 29.00 0.00 0.00 0.00 0.00 0.00 0.00 0.00 0.00 0.00 0.00 0.00 0.00 0.00 0.00 0.00 0.00 0.00 0.00 0.00 0.00 0.00 0.00 0.00 0.00 0.00 0.00 0.00 0.00 
97.00 5.00 25.00 0.00 30.00 15.00 -1.00 -71.00 -3.00 5.00 -3.00 3.00 0.00 0.00 0.00 0.00 0.00 0.00 0.00 0.00 0.00 0.00 0.00 0.00 0.00 0.00 0.00 0.00 0.00 0.00 0.00 0.00 0.00 0.00 0.00 0.00 0.00 0.00 0.00 0.00 
-77.00 28.00 -12.00 27.00 -31.00 52.00 -11.00 30.00 -17.00 55.00 -42.00 60.00 0.00 0.00 0.00 0.00 0.00 0.00 0.00 0.00 0.00 0.00 0.00 0.00 0.00 0.00 0.00 0.00 0.00 0.00 0.00 0.00 0.00 0.00 0.00 0.00 0.00 0.00 0.00 0.00 
-368.00 10.00 -10.00 28.00 22.00 -63.00 0.00 -61.00 -86.00 -44.00 92.00 -40.00 0.00 0.00 0.00 0.00 0.00 0.00 0.00 0.00 0.00 0.00 0.00 0.00 0.00 0.00 0.00 0.00 0.00 0.00 0.00 0.00 0.00 0.00 0.00 0.00 0.00 0.00 0.00 0.00 
-527.00 18.00 -10.00 28.00 22.00 -63.00 0.00 -61.00 -86.00 -44.00 92.00 -40.00 0.00 0.00 0.00 0.00 0.00 0.00 0.00 0.00 0.00 0.00 0.00 0.00 0.00 0.00 0.00 0.00 0.00 0.00 0.00 0.00 0.00 0.00 0.00 0.00 0.00 0.00 0.00 0.00 
-714.00 20.00 -10.00 28.00 22.00 -63.00 0.00 -61.00 -86.00 -44.00 92.00 -40.00 0.00 0.00 0.00 0.00 0.00 0.00 0.00 0.00 0.00 0.00 0.00 0.00 0.00 0.00 0.00 0.00 0.00 0.00 0.00 0.00 0.00 0.00 0.00 0.00 0.00 0.00 0.00 0.00 
-758.00 11.00 -4.00 -16.00 -25.00 -93.00 -391.00 21.00 -37.00 -67.00 1.00 111.00 0.00 0.00 0.00 0.00 0.00 0.00 0.00 0.00 0.00 0.00 0.00 0.00 0.00 0.00 0.00 0.00 0.00 0.00 0.00 0.00 0.00 0.00 0.00 0.00 0.00 0.00 0.00 0.00 
-765.00 -2.00 -4.00 -16.00 -25.00 -93.00 -391.00 21.00 -37.00 -67.00 1.00 111.00 0.00 0.00 0.00 0.00 0.00 0.00 0.00 0.00 0.00 0.00 0.00 0.00 0.00 0.00 0.00 0.00 0.00 0.00 0.00 0.00 0.00 0.00 0.00 0.00 0.00 0.00 0.00 0.00 
-711.00 -2.00 -4.00 -16.00 -25.00 -93.00 -391.00 21.00 -37.00 -67.00 1.00 111.00 0.00 0.00 0.00 0.00 0.00 0.00 0.00 0.00 0.00 0.00 0.00 0.00 0.00 0.00 0.00 0.00 0.00 0.00 0.00 0.00 0.00 0.00 0.00 0.00 0.00 0.00 0.00 0.00 
-623.00 -6.00 -4.00 -16.00 -25.00 -93.00 -391.00 21.00 -37.00 -67.00 1.00 111.00 0.00 0.00 0.00 0.00 0.00 0.00 0.00 0.00 0.00 0.00 0.00 0.00 0.00 0.00 0.00 0.00 0.00 0.00 0.00 0.00 0.00 0.00 0.00 0.00 0.00 0.00 0.00 0.00 
-547.00 -3.00 -4.00 -16.00 -25.00 -93.00 -391.00 21.00 -37.00 -67.00 1.00 111.00 0.00 0.00 0.00 0.00 0.00 0.00 0.00 0.00 0.00 0.00 0.00 0.00 0.00 0.00 0.00 0.00 0.00 0.00 0.00 0.00 0.00 0.00 0.00 0.00 0.00 0.00 0.00 0.00 
-462.00 3.00 -4.00 -16.00 -25.00 -93.00 -391.00 21.00 -37.00 -67.00 1.00 111.00 0.00 0.00 0.00 0.00 0.00 0.00 0.00 0.00 0.00 0.00 0.00 0.00 0.00 0.00 0.00 0.00 0.00 0.00 0.00 0.00 0.00 0.00 0.00 0.00 0.00 0.00 0.00 0.00 
-358.00 5.00 -4.00 -16.00 -25.00 -93.00 -391.00 21.00 -37.00 -67.00 1.00 111.00 0.00 0.00 0.00 0.00 0.00 0.00 0.00 0.00 0.00 0.00 0.00 0.00 0.00 0.00 0.00 0.00 0.00 0.00 0.00 0.00 0.00 0.00 0.00 0.00 0.00 0.00 0.00 0.00 
-363.00 190.00 -4.00 -16.00 -25.00 -93.00 -391.00 21.00 -37.00 -67.00 1.00 111.00 0.00 0.00 0.00 0.00 0.00 0.00 0.00 0.00 0.00 0.00 0.00 0.00 0.00 0.00 0.00 0.00 0.00 0.00 0.00 0.00 0.00 0.00 0.00 0.00 0.00 0.00 0.00 0.00 
-357.00 364.00 -4.00 -16.00 -25.00 -93.00 -391.00 21.00 -37.00 -67.00 1.00 111.00 0.00 0.00 0.00 0.00 0.00 0.00 0.00 0.00 0.00 0.00 0.00 0.00 0.00 0.00 0.00 0.00 0.00 0.00 0.00 0.00 0.00 0.00 0.00 0.00 0.00 0.00 0.00 0.00 
-714.00 20.00 -10.00 28.00 22.00 -63.00 0.00 -61.00 -86.00 -44.00 92.00 -40.00 0.00 0.00 0.00 0.00 0.00 0.00 0.00 0.00 0.00 0.00 0.00 0.00 0.00 0.00 0.00 0.00 0.00 0.00 0.00 0.00 0.00 0.00 0.00 0.00 0.00 0.00 0.00 0.00 
-758.00 11.00 -4.00 -16.00 -25.00 -93.00 -391.00 21.00 -37.00 -67.00 1.00 111.00 0.00 0.00 0.00 0.00 0.00 0.00 0.00 0.00 0.00 0.00 0.00 0.00 0.00 0.00 0.00 0.00 0.00 0.00 0.00 0.00 0.00 0.00 0.00 0.00 0.00 0.00 0.00 0.00 
-623.00 -6.00 -4.00 -16.00 -25.00 -93.00 -391.00 21.00 -37.00 -67.00 1.00 111.00 0.00 0.00 0.00 0.00 0.00 0.00 0.00 0.00 0.00 0.00 0.00 0.00 0.00 0.00 0.00 0.00 0.00 0.00 0.00 0.00 0.00 0.00 0.00 0.00 0.00 0.00 0.00 0.00 \
-77.00 28.00 -12.00 27.00 -31.00 52.00 -11.00 30.00 -17.00 55.00 -42.00 60.00 0.00 0.00 0.00 0.00 0.00 0.00 0.00 0.00 0.00 0.00 0.00 0.00 0.00 0.00 0.00 0.00 0.00 0.00 0.00 0.00 0.00 0.00 0.00 0.00 0.00 0.00 0.00 0.00 
-368.00 10.00 -10.00 28.00 22.00 -63.00 0.00 -61.00 -86.00 -44.00 92.00 -40.00 0.00 0.00 0.00 0.00 0.00 0.00 0.00 0.00 0.00 0.00 0.00 0.00 0.00 0.00 0.00 0.00 0.00 0.00 0.00 0.00 0.00 0.00 0.00 0.00 0.00 0.00 0.00 0.00 
-527.00 18.00 -10.00 28.00 22.00 -63.00 0.00 -61.00 -86.00 -44.00 92.00 -40.00 0.00 0.00 0.00 0.00 0.00 0.00 0.00 0.00 0.00 0.00 0.00 0.00 0.00 0.00 0.00 0.00 0.00 0.00 0.00 0.00 0.00 0.00 0.00 0.00 0.00 0.00 0.00 0.00 
-547.00 -3.00 -4.00 -16.00 -25.00 -93.00 -391.00 21.00 -37.00 -67.00 1.00 111.00 0.00 0.00 0.00 0.00 0.00 0.00 0.00 0.00 0.00 0.00 0.00 0.00 0.00 0.00 0.00 0.00 0.00 0.00 0.00 0.00 0.00 0.00 0.00 0.00 0.00 0.00 0.00 0.00 
-462.00 3.00 -4.00 -16.00 -25.00 -93.00 -391.00 21.00 -37.00 -67.00 1.00 111.00 0.00 0.00 0.00 0.00 0.00 0.00 0.00 0.00 0.00 0.00 0.00 0.00 0.00 0.00 0.00 0.00 0.00 0.00 0.00 0.00 0.00 0.00 0.00 0.00 0.00 0.00 0.00 0.00 
-358.00 5.00 -4.00 -16.00 -25.00 -93.00 -391.00 21.00 -37.00 -67.00 1.00 111.00 0.00 0.00 0.00 0.00 0.00 0.00 0.00 0.00 0.00 0.00 0.00 0.00 0.00 0.00 0.00 0.00 0.00 0.00 0.00 0.00 0.00 0.00 0.00 0.00 0.00 0.00 0.00 0.00 
-363.00 190.00 -4.00 -16.00 -25.00 -93.00 -391.00 21.00 -37.00 -67.00 1.00 111.00 0.00 0.00 0.00 0.00 0.00 0.00 0.00 0.00 0.00 0.00 0.00 0.00 0.00 0.00 0.00 0.00 0.00 0.00 0.00 0.00 0.00 0.00 0.00 0.00 0.00 0.00 0.00 0.00 
